1292
627
593
399
566
1199
460
1387
774
533
707
687
825
1171
931
1411
830
504
224
905
779
1319
1226
872
1038
975
151
459
992
355
1447
1449
1212
1426
1475
1335
221
131
550
1362
1072
1174
232
830
1443
1331
1042
748
534
606
1395
492
859
1018
860
606
466
574
546
1207
196
900
1004
1262
908
134
1440
858
938
1210
554
119
1180
424
181
1185
1117
1249
585
709
955
1018
399
920
318
1087
628
735
761
143
524
1450
814
1183
885
755
770
561
1150
851
1272
1111
506
287
789
968
862
867
639
1124
524
542
1369
704
904
1187
1199
722
662
1325
747
950
1331
1343
324
149
396
464
1170
941
591
578
722
707
900
1039
1145
846
803
311
609
448
151
197
1132
1210
188
1491
1039
809
1187
1259
1460
1485
1472
1331
222
1437
1414
1076
398
648
634
119
1219
1169
109
249
520
854
1035
1100
1463
1119
1160
458
119
1308
492
818
1173
1175
215
295
1203
998
1402
361
1257
822
457
1473
240
320
490
144
617
1012
930
510
1463
713
253
1249
648
825
374
705
1394
164
187
1482
196
597
1206
1089
179
1024
958
1332
874
522
353
1002
853
1465
205
776
333
163
1228
823
864
734
1075
139
290
1209
1047
1425
1113
437
1334
192
343
462
1034
382
1361
1157
157
1251
1072
994
631
694
990
1132
1135
1037
542
1019
1407
798
928
244
360
1427
1456
289
1122
891
205
965
181
1325
287
996
108
1492
1006
1388
329
345
972
786
1074
307
922
917
976
1130
198
195
1173
513
262
1050
730
967
369
1008
1105
286
528
864
550
515
406
1376
1006
1378
270
399
654
1383
1217
1104
489
750
450
206
1461
822
995
1010
1109
338
723
897
247
420
1352
495
1401
127
480
1079
1141
1036
691
595
533
296
842
369
566
1339
633
1342
1460
1269
1033
669
738
787
284
1116
1286
1402
1380
996
936
535
1275
787
291
1076
1110
530
1314
726
334
666
666
1431
1259
716
736
291
420
599
480
473
347
431
915
244
266
530
159
955
637
866
683
1133
366
567
154
616
1202
1493
483
1484
1138
1193
1268
354
105
263
702
866
1067
636
1241
756
575
1158
860
583
113
512
1334
1399
1301
731
739
1326
939
688
382
1298
891
509
728
298
1159
1128
1260
1437
595
357
225
945
1292
966
769
860
512
810
1071
1466
538
110
130
224
692
957
1289
1209
1488
207
1440
327
1382
1209
438
981
800
122
149
1278
353
391
364
374
398
983
364
912
448
192
959
178
1423
311
492
252
129
1441
1490
512
1313
1134
275
705
1273
1264
1360
337
689
1434
1079
841
525
631
1355
113
1259
600
156
1412
846
305
756
1083
1284
721
540
1436
613
1001
1303
361
1382
1055
391
1333
1079
1349
1120
754
1063
417
1135
873
1376
674
1310
174
669
816
578
1385
797
792
390
943
1316
1492
367
319
174
1416
1087
220
362
1068
792
1399
150
1419
1374
1399
445
774
1047
963
954
1221
249
279
1304
734
289
867
965
1237
970
669
1343
1038
1254
817
621
806
747
1107
1116
575
514
540
1280
1441
374
1213
1082
525
1186
1291
478
1375
308
667
1445
799
1291
789
618
253
1031
544
419
818
537
862
101
234
175
220
116
1486
571
1461
820
803
1472
696
1086
580
1153
156
475
973
767
206
1279
1232
1467
426
1087
1317
797
737
1244
1220
1288
1210
655
726
755
537
1395
1472
289
819
1451
803
578
497
248
718
1022
616
1046
1136
381
543
1433
1130
740
111
822
809
395
801
729
1322
457
705
508
1345
533
1369
101
1083
354
917
888
1420
785
1031
494
1033
473
420
327
322
590
912
1008
694
1446
324
1401
643
645
397
352
574
1132
442
736
274
1186
539
381
1124
374
177
302
1210
672
1134
313
1113
233
323
419
697
820
718
192
804
1015
726
1351
1472
153
481
333
782
100
623
1117
1258
1059
190
855
1327
1434
123
1122
1071
1215
984
1268
125
393
451
635
479
1381
1228
1240
805
1123
1467
1032
1471
278
226
814
479
551
1268
1160
1026
1345
852
741
128
854
913
891
901
499
879
738
877
301
1184
350
264
882
574
1007
325
448
496
421
1499
634
891
825
569
693
513
1469
328
896
587
1051
430
473
272
1041
457
889
1151
1134
678
1041
262
955
474
282
938
1177
1152
1032
692
1499
1384
827
908
1263
414
924
1099
690
695
1302
445
428
199
427
738
352
747
1183
1378
893
1317
337
196
153
1282
1139
653
440
425
238
232
1212
1191
947
448
967
756
1310
753
1167
843
1471
1089
477
861
772
1324
805
157
291
1333
490
606
644
970
1293
625
1005
1251
1085
703
1384
799
1083
351
766
1437
943
979
1253
192
1283
1139
524
1045
806
385
1403
505
768
900
728
1158
1232
1486
167
1117
1295
1032
1006
259
147
389
1229
1226
1436
303
1349
277
619
1102
1119
786
981
728
553
764
1196
728
338
125
228
943
393
981
287
144
1455
1409
712
1137
1024
120
205
197
734
1491
170
1491
598
307
1386
274
1015
522
1351
1205
1048
542
121
1306
1464
1143
191
1359
1196
402
1078
1030
866
101
422
871
312
1380
141
312
921
778
277
1065
1434
109
174
837
539
896
1284
761
1032
200
131
1373
497
1137
779
209
612
549
187
1406
1019
1080
815
508
1008
1477
404
1473
1407
631
527
737
119
1340
593
1037
1472
1037
519
251
488
471
497
112
959
521
618
1194
1291
490
159
1491
244
962
1362
357
453
117
1251
871
996
1092
982
840
1142
1181
411
1483
221
430
292
1132
274
707
724
945
905
1484
1338
1439
507
1312
249
200
1450
1473
1046
1095
1382
820
977
409
146
517
1107
221
646
1466
1397
174
290
1203
1102
215
824
557
358
902
1389
770
679
119
539
959
665
112
234
778
847
677
682
1013
892
431
586
524
352
875
614
919
1299
1318
1194
263
536
713
693
288
494
333
1105
1345
1437
953
914
562
1002
645
186
167
998
1233
960
658
1229
1490
767
541
1117
1182
296
503
1307
643
901
1098
645
801
502
808
790
483
1314
310
1021
842
1462
1270
902
1471
1410
407
896
1282
189
1050
813
689
949
1313
484
733
613
1256
553
1155
1148
1015
716
293
794
334
204
952
1306
458
1316
1153
1221
385
683
1403
1114
762
111
395
324
140
817
1423
999
345
1310
1309
1396
723
941
282
1268
1442
1205
1312
872
674
1142
963
660
613
579
540
1270
1250
401
234
975
923
775
871
950
493
1411
1455
156
1101
1098
550
1043
1344
571
920
1362
1091
618
414
362
500
987
583
200
474
1151
650
1458
1343
1138
1073
1118
1188
947
439
1026
226
446
753
344
1144
878
1074
546
547
431
608
1420
768
969
740
558
1149
433
1379
709
897
194
197
1175
461
1314
260
263
418
144
1328
1213
980
717
710
283
553
1031
918
772
1045
1140
255
181
1190
915
1382
241
1198
985
119
867
1275
732
1232
506
1252
785
1051
988
1075
1321
401
634
971
301
1466
1346
1208
863
1358
270
505
808
1438
1341
1318
717
1168
638
827
521
1049
753
1244
1117
335
730
347
1237
1295
613
272
583
107
263
793
452
1158
669
1240
609
1115
1098
1286
1083
943
944
185
935
151
859
122
467
379
673
1429
565
377
443
371
871
632
446
737
349
937
1493
150
992
511
1012
1327
279
650
102
218
166
1151
224
400
1127
478
1438
442
1159
254
521
1370
1338
584
1310
102
535
265
1035
1209
440
796
592
1052
904
1116
1435
1145
672
486
702
787
1399
1126
1265
954
263
1243
153
944
1427
1140
297
928
652
1334
1350
357
732
510
525
1241
1140
1003
817
1068
1485
1430
1251
1454
1299
1162
1373
565
1352
764
383
734
883
498
523
1256
937
165
744
1427
295
975
354
152
1015
725
1341
804
1123
1273
1303
522
1181
141
666
437
570
625
845
1076
1359
821
1139
624
1167
903
1016
1320
1460
1415
1456
812
1229
717
1416
622
583
597
848
269
990
1405
323
489
902
1065
1476
889
1241
593
1179
214
1045
1303
891
514
1263
815
262
1049
555
778
143
425
1363
634
274
348
1437
514
476
1470
609
1166
344
487
917
269
1232
702
1099
831
1472
125
850
130
139
253
1154
262
140
1011
1425
821
268
708
1300
1199
1174
970
912
445
1285
751
1143
548
951
1175
1022
1444
889
261
581
406
1489
1123
852
988
1085
857
483
789
909
1413
767
544
810
683
566
519
145
972
868
1280
617
822
478
529
504
1284
1282
811
586
1116
1077
903
448
1091
720
943
560
216
236
753
366
442
1384
411
564
670
119
525
105
1315
787
1080
766
1375
1456
141
311
187
885
998
216
848
1205
403
1210
525
954
619
1231
990
985
1392
675
1132
683
894
281
1408
425
364
1462
1065
1176
870
343
953
343
183
547
1347
675
1482
246
964
1025
331
1330
320
467
896
158
1312
659
1448
1466
1157
388
1430
245
856
693
442
566
147
748
317
426
668
509
342
150
804
430
943
818
1130
303
1259
885
433
1105
826
339
1409
984
582
482
1042
1405
640
364
435
138
972
1286
374
1062
809
1441
1024
745
1297
1459
1371
571
170
381
1267
646
1399
1146
375
1185
532
1073
1108
153
474
616
1428
1362
583
1033
590
1246
892
545
1263
1330
801
1121
828
596
510
180
470
356
1393
1097
981
642
1121
1443
134
559
392
877
678
508
539
520
1339
238
274
520
274
993
178
788
1285
879
161
1382
317
875
381
1019
499
794
639
558
1213
1245
1290
521
1368
1271
372
940
312
266
950
1302
1087
1442
1017
1188
714
591
698
879
619
491
1290
217
1053
1160
901
537
445
712
668
204
355
973
1051
1257
395
1348
270
587
1470
384
465
812
328
223
1458
925
1096
136
1099
732
451
508
1291
665
1079
1080
1432
1195
1439
405
214
199
1199
1411
1204
818
317
895
734
362
913
1111
706
216
1214
1477
1013
1413
1106
1070
389
1299
640
830
1100
408
350
449
838
267
1191
383
756
444
955
1372
1457
1408
701
675
467
1130
187
790
456
795
1191
1280
926
927
603
166
700
197
1085
1012
1488
760
155
715
1426
1463
1194
937
1251
609
347
1429
851
933
481
1232
356
619
1334
1296
487
159
1453
1484
213
1190
312
1431
811
1432
388
295
1409
426
337
885
1111
738
526
199
936
628
250
668
141
387
1195
964
332
1420
570
399
1426
165
397
183
963
1006
590
1168
713
1135
601
988
294
1493
747
420
734
1154
532
845
1326
825
969
245
414
758
128
314
677
688
822
504
844
595
317
425
204
342
1438
189
1104
276
311
1326
1347
871
204
1066
303
936
106
112
994
137
144
1090
961
837
1478
1007
784
409
1291
1137
410
108
119
1075
320
1153
1033
1473
1418
310
289
1243
1408
967
174
994
681
901
1042
343
696
746
1346
295
1010
1190
294
896
913
323
1332
114
858
995
1323
544
663
1124
790
100
881
302
1089
1153
1287
254
622
309
1432
1457
520
908
765
1496
110
641
420
532
1067
226
1259
301
465
1051
367
387
386
1116
891
701
1252
666
1283
752
1484
907
1106
1329
1373
487
902
228
1409
1070
1313
1127
1189
1457
278
852
496
773
1006
1094
192
856
293
150
842
694
826
1048
847
792
391
730
936
497
1361
1438
786
350
465
208
846
812
1486
282
1402
835
1032
102
429
133
425
392
1487
570
458
805
1224
1392
1449
1409
866
863
885
803
289
782
1086
630
475
872
362
248
1453
1106
211
708
428
756
517
773
1463
775
1400
1111
923
1127
659
723
1474
707
1474
349
799
167
634
1016
347
1371
615
1240
125
811
1015
1477
454
309
578
1002
1488
1274
493
965
990
517
510
142
965
373
458
998
1011
1475
738
1264
325
1387
433
352
501
522
567
1198
1078
378
1304
1254
581
1407
490
986
815
1090
1226
454
810
840
214
1260
279
1061
979
131
439
1258
788
499
1079
452
461
991
1075
1214
282
1221
1214
433
929
369
801
868
1032
595
968
1356
332
343
284
209
1105
427
449
729
1004
846
1173
1372
1457
1280
807
346
1103
506
1313
845
943
1481
353
474
660
1423
557
256
1050
319
977
1305
429
797
1474
1340
715
1023
611
1499
1129
169
483
402
867
1268
160
270
1183
114
1002
678
1155
284
1441
385
478
140
665
284
535
963
660
1193
1308
1100
983
1263
1010
429
1085
305
1452
913
323
327
684
431
528
1453
798
596
328
351
1453
1440
509
1319
708
872
1214
273
1461
398
1220
1359
749
1454
607
1493
465
420
1044
1037
1033
1006
1483
594
688
1206
711
192
1409
319
1396
1208
1169
1130
1202
743
332
672
1442
1434
1026
1003
167
816
893
583
1175
918
1380
482
1445
1422
836
1194
435
133
1345
310
996
704
457
793
1121
1138
487
1495
936
220
601
718
693
891
791
1365
1428
1165
911
383
167
856
1488
556
1332
1275
1191
113
610
1079
1445
261
1181
1281
618
1431
737
596
706
892
611
1491
567
1047
483
159
1248
1306
611
903
1120
367
634
335
1327
1105
592
156
657
956
822
820
1347
880
1388
581
165
1437
568
626
769
421
665
402
139
915
387
826
505
683
311
1153
655
1281
110
540
334
1438
1391
885
1466
735
732
1243
857
343
731
371
1143
1222
1320
446
305
432
1382
775
837
604
897
109
143
1375
1059
1127
163
632
880
1114
398
239
464
1442
349
833
329
465
1121
753
596
1224
1010
154
826
1414
657
886
134
1135
1355
661
616
196
146
833
504
433
1185
1302
809
1473
901
982
1268
1073
136
114
996
1138
1399
179
261
785
1135
1284
1072
953
1366
284
1298
187
978
1145
1369
619
672
1313
476
1237
295
490
986
260
536
442
1021
812
1107
758
294
1172
1033
955
147
1257
1294
1109
525
1006
1369
973
1185
613
976
804
905
476
539
268
648
1127
1137
1353
1146
545
729
890
359
512
1209
758
967
1258
803
398
884
1218
593
1000
894
1471
305
473
252
1189
1157
1160
1409
1303
1085
146
117
1230
1371
1034
1389
345
217
197
1313
454
1413
126
169
672
1270
1251
415
303
1176
1291
498
653
367
634
1302
894
1151
625
1341
762
1477
149
1436
1121
1329
1330
1043
668
351
387
111
1014
132
514
122
827
712
574
669
117
1096
894
360
314
1160
1428
1497
891
250
1139
1457
1395
426
672
863
818
733
724
266
664
494
421
238
862
546
980
611
200
971
490
964
986
724
312
1185
1156
123
928
415
1307
659
312
1457
163
155
197
1324
1008
139
1463
155
250
606
420
1231
1216
1097
1498
834
735
861
1456
618
1188
1068
311
1146
138
155
1488
1322
666
954
504
889
932
1408
1235
945
633
440
747
1088
289
307
870
241
1192
371
617
1206
1265
633
1335
319
1110
1438
149
1373
1338
894
1481
921
1488
1167
148
690
664
869
291
462
550
1139
784
207
1321
933
859
180
1257
578
1240
198
519
388
1001
817
702
980
490
1328
447
980
613
257
368
934
1204
1457
538
1423
523
1323
943
565
1198
952
531
1470
216
991
623
455
1280
1060
369
319
1143
426
1388
1462
1497
125
698
303
1044
343
1090
636
612
1308
585
1113
1184
925
151
1294
769
1462
1208
1274
1275
781
803
220
586
232
1159
1336
500
955
981
867
1345
964
1469
280
297
1288
940
416
1309
650
1218
257
209
971
764
941
287
1429
647
1331
1484
680
882
459
1497
635
541
1178
789
1368
431
535
1006
883
1358
836
572
767
890
888
1072
289
828
223
1340
687
603
1012
955
383
1413
1037
1146
283
728
1077
1024
735
478
1030
1099
579
830
483
360
692
1190
515
1059
707
1247
264
1126
1022
453
1013
1316
671
1243
556
1337
727
556
1410
1435
567
243
252
1312
1320
794
887
1181
472
862
1041
1115
546
1283
780
186
1395
618
847
555
1183
1394
1340
1116
1450
169
312
565
280
1019
258
1344
253
786
1201
193
526
163
420
879
1193
1486
828
267
159
1040
1072
208
946
613
1143
1137
952
912
1397
612
113
1492
762
186
1241
1449
176
349
435
760
152
1077
1396
1220
296
609
530
823
875
1146
129
1306
836
198
779
997
126
1334
1224
1111
408
478
452
418
1355
853
1419
634
1423
574
1259
616
568
950
1186
510
207
1108
1084
1335
214
458
1149
716
879
1364
640
1491
436
1266
1408
932
619
112
930
424
1271
1214
1024
149
1113
668
667
938
296
873
1249
808
668
563
606
952
571
1208
1296
416
400
1269
1335
1497
501
511
333
175
632
851
1461
1061
112
193
661
841
1170
326
390
322
1349
678
1456
927
1261
913
714
403
117
615
1337
425
971
603
1222
1313
868
670
287
1441
859
501
1098
829
425
1114
1139
1236
596
717
750
565
361
1040
461
1287
277
1141
1249
738
945
1454
1069
1140
393
1153
802
445
505
601
813
1132
309
604
384
1103
173
880
1462
728
1260
1012
819
951
1053
204
875
1077
778
529
447
423
623
1427
503
1365
1020
268
866
748
1424
294
1258
647
409
1420
832
1142
670
1306
1424
914
802
980
334
837
705
1313
412
273
342
801
412
1131
498
418
684
1145
1289
1067
384
1458
558
459
212
693
742
716
656
543
959
117
1397
190
560
1455
1442
201
202
1447
144
1033
988
249
481
171
508
796
1255
1254
593
372
393
1079
795
630
1112
1023
1167
1377
693
1135
1456
1183
1109
920
336
136
260
555
211
980
213
531
122
612
685
1233
233
1128
320
302
705
716
592
612
437
328
382
451
1227
470
1003
707
585
1396
1232
1415
1224
935
816
1095
888
100
1393
566
374
1205
1065
1307
523
1470
1299
785
247
105
466
1043
841
492
384
563
1086
593
180
629
471
484
908
369
1142
779
1218
1401
756
493
1409
935
859
617
283
588
885
743
1386
255
242
274
925
620
718
855
267
287
1354
152
565
1384
1355
1085
1355
864
296
571
795
807
388
905
1386
812
1026
259
711
847
1199
300
743
1236
831
243
961
433
488
1317
1032
1335
238
146
1364
577
1459
891
601
960
290
226
329
609
792
250
1414
1201
1362
975
1141
949
1058
697
694
194
964
157
162
367
151
1172
953
273
552
111
400
1497
570
390
880
596
567
442
897
236
345
1194
143
227
1011
148
1052
427
1288
881
1373
1234
640
1414
1086
1244
462
409
372
626
300
1222
1301
1015
1351
1039
774
748
581
1318
139
1482
527
553
1098
1289
148
755
1233
106
958
681
1462
789
841
1292
1073
245
1188
1161
627
1447
258
243
782
289
1462
510
759
684
539
1459
648
208
1194
1448
351
302
1447
1346
1001
868
1087
743
323
941
557
106
1007
1420
161
1184
184
1325
1477
501
448
814
182
189
1418
1374
557
240
1012
1265
183
482
1334
887
1202
136
1322
426
915
793
877
577
185
705
1310
830
617
571
701
566
522
267
550
872
524
907
519
334
549
1434
688
584
344
1084
1324
858
879
1128
1306
1260
998
833
1002
1087
1498
517
1443
655
760
163
1316
515
706
733
1128
288
1314
865
450
824
291
1180
391
1427
252
964
234
465
573
204
854
625
1232
206
768
1030
580
1362
1173
117
1049
1231
206
551
1093
333
723
1056
1326
141
1429
216
801
804
1155
446
837
354
1286
383
397
227
1162
342
239
1045
343
1344
1156
1039
348
175
1154
492
736
993
1376
855
241
1311
639
265
275
932
948
1405
1194
919
547
955
543
1406
1224
1348
360
673
368
455
1202
254
101
388
1481
1408
868
776
872
1177
878
1460
1383
1070
211
566
1174
1238
756
720
386
948
131
343
630
416
265
1048
626
974
364
739
1175
1299
792
363
305
570
1066
731
644
665
1370
1203
871
729
841
578
1056
577
304
1142
1123
907
227
1485
301
1434
1480
1357
1014
602
401
163
411
386
329
1049
708
830
910
615
1020
1004
1143
801
1092
713
1091
957
459
1136
1185
560
1435
448
1139
628
464
590
614
404
1424
1003
829
1388
721
1455
257
581
1476
1132
681
574
1079
1405
1126
1153
1407
835
1023
228
1178
162
1006
340
412
813
1198
340
1440
193
1128
148
1450
146
859
482
1396
594
1487
1179
1157
434
1259
217
105
733
367
744
1357
504
1176
364
1149
760
395
1085
101
1410
339
590
1221
1206
281
1120
1395
1153
619
156
1430
705
608
790
1364
967
718
840
231
1184
878
606
171
907
750
535
752
532
674
1189
513
265
479
1300
831
453
1124
1219
392
1357
278
257
1143
1431
1092
1486
884
1090
1473
852
780
1315
802
385
280
196
930
830
303
451
408
1103
295
1044
767
215
1397
136
484
801
627
769
1251
232
951
1327
699
1237
576
705
1300
1194
1313
815
681
916
125
1459
1325
102
493
523
1129
353
638
1475
623
1028
988
702
855
603
1247
312
1210
437
1152
1286
570
1482
810
580
1221
1301
382
1455
423
1497
618
882
251
162
1018
1457
580
1205
625
363
674
585
668
157
1455
1486
936
320
1312
548
141
952
628
1346
211
1234
161
423
896
964
139
1041
556
940
1406
193
532
845
159
124
102
832
963
1312
187
1456
277
1451
656
1200
321
383
602
674
720
1298
297
271
1229
1230
1219
743
874
587
1127
403
539
1304
273
622
656
716
1077
1439
846
156
321
905
1407
531
182
290
617
1174
1292
220
1223
293
512
1411
279
397
187
546
999
259
1214
471
1034
397
148
208
107
515
1183
534
331
800
925
466
825
495
1168
1019
771
737
584
460
1024
146
1407
344
606
696
1297
1195
421
1168
920
864
619
1083
1252
1339
408
942
640
450
857
830
502
403
1407
1005
723
1247
1107
1473
250
1389
206
461
537
851
161
1066
248
1273
971
287
1414
1118
163
1259
1170
1258
1071
586
1493
209
1188
1399
1030
775
490
1372
612
1427
104
242
1152
1410
709
287
121
703
785
1458
1028
970
1039
278
1077
575
1407
337
1144
1378
398
1457
496
995
1336
902
1320
567
1029
1234
676
558
517
315
945
903
252
541
1111
566
705
1289
1406
1188
322
184
1311
1094
773
922
982
776
341
372
1237
491
467
250
845
900
559
774
772
197
537
702
1448
594
1323
119
1020
1335
416
883
1138
935
175
949
960
1477
420
857
341
427
470
432
642
826
1491
113
386
522
1050
1114
288
353
1492
1350
1476
308
1166
973
984
960
1073
856
426
571
265
1060
1172
855
1148
1384
209
1429
1177
888
1424
1020
1134
638
1149
443
398
306
355
462
1064
1369
1367
211
361
1018
978
689
921
1227
291
1065
739
1279
839
923
410
802
481
478
225
957
651
528
785
532
735
738
714
931
541
552
642
1457
685
1469
1003
973
1109
1271
837
885
122
688
1429
650
1147
1074
836
1006
1037
410
1230
834
222
585
1031
193
1217
707
1405
982
159
1383
1074
699
809
197
690
775
906
907
889
822
510
859
223
730
1187
842
433
146
626
1489
416
540
661
949
597
125
552
736
1172
797
1170
296
1226
577
652
1347
609
825
1098
378
443
1420
1266
968
1042
1259
1238
702
1158
697
303
935
123
1125
117
861
709
886
663
1304
873
758
1203
734
1111
288
1370
1214
1014
1104
642
1044
749
366
1139
870
1165
615
368
473
1034
1147
1126
424
349
174
646
784
126
856
1042
703
427
1323
784
483
1097
600
487
1320
1100
435
1375
904
1432
141
209
1215
855
343
1299
490
1369
756
1400
1135
634
534
963
1137
675
1137
1012
1369
634
399
1232
369
822
811
262
1395
401
230
248
917
166
472
457
574
602
1333
1116
176
804
1470
214
607
1365
165
439
419
1441
829
870
1336
368
1171
652
566
1308
626
101
557
268
421
793
1107
973
548
758
766
394
618
881
1076
254
1286
807
1285
264
522
270
587
651
1192
1244
612
220
596
667
264
1083
240
1315
1231
201
709
883
366
1310
285
525
736
1269
1101
1035
786
636
244
514
295
1407
118
1493
1107
1013
419
922
745
550
918
789
1070
885
595
554
1204
119
1026
636
1165
1286
907
497
1315
764
857
345
1404
660
1214
266
1035
1018
1017
380
1029
1160
246
915
992
991
1060
1490
798
831
1125
472
1288
983
534
1215
961
670
1433
1045
277
193
171
937
114
343
231
642
1094
560
730
1161
1469
592
1219
1412
1089
230
851
1112
331
128
369
1368
219
466
646
1486
495
378
442
739
321
462
363
1447
1413
1035
888
531
443
344
1098
1340
413
403
1249
733
1499
817
582
846
136
843
908
521
889
134
613
718
1351
1270
475
1187
309
1442
326
124
149
849
363
924
880
430
1017
896
950
865
1459
1148
1061
120
1442
1438
141
1428
1369
971
1226
1344
1237
1395
975
1314
982
404
1018
851
311
370
696
355
1362
153
290
298
1106
757
138
536
1338
763
842
312
1254
1365
679
1458
576
382
1312
538
1481
663
700
1480
820
1435
692
878
1225
698
398
152
1177
639
1222
575
1432
354
1294
337
100
954
1001
142
580
440
279
667
545
199
1208
442
534
1281
1274
1201
450
528
730
378
300
993
651
419
1383
454
1281
1035
1160
465
1007
1026
553
474
246
1313
872
265
217
249
1191
1371
1367
1047
870
1370
1078
1265
450
1277
1108
1058
624
451
1420
1043
587
1483
1490
660
672
169
249
820
964
193
697
439
1192
219
1398
1464
1418
334
802
767
476
885
779
823
731
846
1132
631
524
814
1477
1492
1402
788
1051
738
411
1233
565
883
248
930
888
1147
996
1373
216
253
522
660
154
661
251
568
1270
211
790
439
574
119
766
1052
1409
776
657
1173
979
508
1087
339
727
1463
484
1010
1045
777
290
385
1291
297
1444
722
1361
460
1398
414
645
709
1264
513
446
239
766
837
1076
112
766
983
393
1022
887
521
1081
547
1148
1027
592
575
1478
689
687
191
1350
279
1142
1169
376
697
1205
820
594
1470
196
392
1086
199
1428
1068
428
109
166
340
1082
390
1269
1105
107
1018
876
318
276
1109
448
309
941
562
1013
126
235
1013
1234
379
465
119
593
605
269
275
1393
336
381
805
1346
1425
1174
1371
1262
262
795
248
251
323
1184
219
1028
271
1192
1162
1250
1464
659
770
655
1137
1133
793
559
564
1209
1031
273
270
253
195
878
1408
281
178
1008
466
149
264
1248
675
1404
341
763
198
454
1266
1429
258
150
222
576
138
1163
1466
1223
278
975
1030
1158
567
1429
1070
865
1207
1388
828
277
413
981
939
1109
568
536
1232
766
503
712
1261
482
922
105
271
1493
201
545
868
1237
946
398
1403
128
1095
1287
1396
1221
1312
1435
353
422
393
1187
1274
1036
793
240
607
1027
1370
1280
183
623
635
207
759
1107
423
1080
255
898
649
915
877
928
1083
901
848
1071
409
1210
490
815
943
1476
1193
578
407
811
772
998
160
315
833
521
903
837
837
1342
232
547
305
292
1040
1272
1272
483
1168
327
430
1213
625
625
1374
370
184
207
835
1244
149
625
541
1355
776
1433
1235
272
897
608
661
257
399
652
1086
1073
1435
626
918
1425
359
1152
667
719
1235
903
1271
863
963
890
996
1460
260
651
316
1038
1378
1452
344
337
580
719
1433
733
1257
130
1272
879
489
470
963
1303
1146
1461
416
786
1422
1421
1493
895
1118
720
1439
1252
1144
978
339
1283
1188
653
452
953
218
720
694
946
748
457
1098
1362
1060
986
149
350
918
1313
427
619
1293
836
796
488
1126
1286
602
100
358
588
864
948
1057
474
1079
623
1258
770
522
1205
863
846
794
1336
552
554
1153
576
741
208
318
1142
368
837
338
509
744
452
1032
598
412
217
164
205
730
564
666
587
1038
1021
1010
260
387
1434
1355
835
198
1416
494
361
484
856
1004
434
760
179
685
837
377
135
299
355
601
1394
974
1379
828
1498
708
1214
1045
575
449
432
1019
1434
794
862
1241
399
549
520
199
880
648
1154
834
905
1162
953
1009
1492
1318
497
678
1064
1126
866
774
692
868
1222
752
997
213
145
791
926
1008
1120
1100
1165
921
923
1009
1160
1160
335
1348
1103
1348
696
509
716
1284
265
1377
602
850
689
1316
998
1211
807
646
646
271
389
399
1011
912
744
1367
1426
393
458
1088
509
545
209
1321
828
570
1345
490
675
757
533
1024
807
409
1314
1451
1031
195
784
1177
153
523
248
993
478
835
797
873
810
1221
1443
1014
171
935
472
338
481
1266
352
722
101
1335
1417
1206
1024
1287
747
226
580
1317
1408
1477
719
770
117
476
720
1205
995
295
1243
523
1236
143
1234
1398
1218
1035
408
988
1462
1179
1175
978
679
1218
256
133
882
918
1466
392
1402
847
1102
499
403
751
1182
776
1449
434
540
529
452
564
1213
1348
931
400
521
632
1060
1452
1389
1063
233
682
275
534
640
750
1143
113
906
392
109
366
1449
1028
897
1341
300
906
460
177
1453
637
1115
590
883
411
1236
207
1352
489
741
135
1224
367
1262
1006
164
1249
551
170
521
1075
969
720
1302
1211
1337
638
832
1148
641
288
270
805
287
384
824
722
1085
107
593
207
168
877
1101
1234
227
891
1331
306
504
1207
378
953
168
1149
1412
698
1220
365
231
1324
873
321
919
1467
635
1266
723
201
1347
1387
784
795
769
894
765
1207
1358
808
1029
1417
920
1002
1393
1487
1287
605
687
412
221
521
212
198
1254
349
1426
1188
335
835
211
336
722
1375
830
300
618
1445
336
419
548
312
614
1222
1020
1250
866
1165
358
1405
1456
357
1193
679
868
1195
298
444
574
1444
897
1022
270
926
1174
1228
490
878
1034
278
939
570
173
296
717
829
471
591
345
631
962
1343
541
184
445
792
1235
574
437
328
1128
219
1171
532
242
1175
1346
241
511
207
668
650
1062
632
496
647
768
106
1265
1432
728
614
668
342
1036
582
1160
1393
167
1153
1474
292
1191
205
838
1357
1078
1141
204
896
772
378
1121
1342
329
131
800
360
143
967
885
980
924
1183
1374
1430
608
908
495
1000
1150
1368
1076
376
509
1401
1339
1097
421
1398
1115
970
784
231
1316
1052
810
961
1166
257
671
917
441
889
1251
613
146
616
946
503
170
934
897
1293
826
1427
958
291
1218
1178
317
220
1450
522
773
257
283
1220
559
1137
1064
539
1321
1094
431
867
1461
495
884
380
1421
1402
216
226
154
1429
1110
435
908
812
327
714
1276
444
238
1203
1222
471
276
1063
213
235
1407
607
1049
1261
775
983
109
1303
1096
172
324
476
725
189
483
1313
1135
486
257
1066
603
1187
562
1160
847
1074
534
433
145
746
405
163
971
173
733
556
1320
1002
330
440
775
1348
909
916
1337
1453
156
1082
838
1364
710
1219
1313
333
785
1214
147
644
586
648
1210
215
195
1369
384
855
756
455
1169
753
817
1175
868
1103
1224
1306
629
1325
675
541
234
635
519
1157
1399
1285
824
911
424
493
493
102
673
726
1488
476
1141
599
1044
421
1115
592
1404
1384
1207
206
304
1270
1132
719
963
894
1260
512
1323
461
1213
1180
1079
1053
553
1386
628
127
1160
278
810
1256
1487
935
423
867
845
1300
1116
676
269
495
710
1052
196
879
150
562
206
1009
206
1029
1079
979
1487
1179
871
697
930
882
453
1405
879
1414
1223
1134
1027
771
1418
1298
215
627
702
1464
834
466
909
816
913
1374
575
941
231
681
337
729
1088
128
134
1325
681
292
239
353
251
1167
858
354
588
1123
908
1089
148
1490
223
1461
941
678
688
777
758
135
364
398
1419
1033
429
1428
1332
639
1399
464
1373
729
769
935
368
737
1225
1434
527
753
573
689
1184
852
878
1330
1089
1499
1242
653
1347
969
168
1152
1097
1293
1220
1308
317
1438
591
727
696
661
702
538
1455
1272
752
295
831
557
820
951
851
1489
1349
1239
1096
1336
844
859
566
791
481
190
166
1447
1377
237
796
1193
377
172
950
738
738
864
455
582
1117
1164
1493
838
1324
875
1361
410
999
1417
737
545
1352
699
233
1224
897
1293
187
968
112
745
507
845
321
434
923
1139
445
1479
516
1340
1038
636
321
485
1251
678
1294
453
450
525
581
505
1244
1034
847
505
959
1460
275
985
1164
465
312
107
891
855
627
1004
1350
1089
659
497
418
586
689
316
417
737
362
1461
1094
998
1230
316
1204
499
1262
1463
864
1293
132
1028
1075
1060
1081
114
1363
290
303
1284
308
814
241
344
1366
1304
831
1370
367
766
362
955
579
766
299
892
348
999
464
1340
1211
1024
530
541
390
863
834
1391
412
226
1100
225
1267
1004
638
255
658
1052
1026
154
563
497
987
1306
530
187
568
448
1353
687
1022
354
271
1472
533
853
838
992
1484
159
519
1020
1360
758
698
610
1454
158
213
1274
126
1394
837
1153
1034
788
933
903
1044
465
1441
1261
326
847
1272
566
933
1070
291
1137
1007
638
700
356
287
1189
1393
1149
1341
1235
446
203
1305
116
606
915
504
453
674
1006
692
1234
681
1225
811
1408
341
1047
616
558
1044
1156
1123
510
1073
1185
493
1462
1351
1117
1491
212
571
218
903
358
867
988
1128
593
580
909
1214
452
323
1207
233
1029
655
643
718
1104
158
639
287
1492
447
167
1409
476
847
376
482
411
1055
1056
1351
567
372
487
1119
719
1253
1023
435
546
601
1448
349
718
1329
158
904
1082
628
384
216
370
1378
664
1240
1283
1443
731
481
1144
754
697
389
301
972
769
999
1045
986
1115
250
1309
631
1189
863
319
125
140
1277
756
439
1156
1088
1098
539
152
615
1487
1054
1133
829
781
254
920
274
737
160
1336
369
424
1022
1107
693
780
101
393
975
211
1117
1432
1408
1333
808
512
186
1071
1238
1158
1021
1342
1064
1192
947
1098
542
124
1260
660
281
1266
1383
267
411
795
141
278
533
1036
789
1103
1268
1499
312
111
1235
287
724
276
989
1220
1454
1492
544
1439
432
256
332
433
1052
909
213
1355
458
1148
1459
255
544
114
830
1467
776
251
1439
619
114
1184
216
1194
594
346
1336
491
756
1332
1282
569
208
447
1387
588
220
389
724
191
1076
428
287
888
383
913
899
822
1068
247
627
1363
372
254
368
723
1312
688
458
144
335
466
1434
199
370
1054
105
1488
747
1152
1159
1333
251
480
1121
160
507
121
1198
1055
1042
368
1339
1308
751
591
563
1038
948
610
1184
912
879
705
369
825
128
106
236
508
183
1432
361
263
516
1469
196
633
1392
1158
1167
249
173
271
1186
976
617
983
144
737
1115
1174
339
113
640
570
176
446
152
1426
572
1008
606
990
819
237
865
327
1249
1350
928
551
485
1429
1067
744
976
695
950
307
644
570
630
1438
552
1069
1461
464
417
1086
1497
332
1235
664
1194
1270
262
225
1388
501
477
380
628
276
277
1058
1327
1059
380
987
580
255
315
150
369
957
108
451
665
175
566
1333
1015
414
1283
443
1297
817
953
788
552
171
1361
1117
703
1053
1199
539
189
1067
502
754
1187
1244
1052
431
877
1198
509
1157
1340
1160
130
1425
865
1379
1332
844
629
760
1122
1336
568
447
1201
424
613
751
323
857
685
1367
1394
775
475
1118
1371
1449
1040
601
485
415
1033
253
625
288
427
742
746
1127
1123
629
1400
1418
1128
175
624
1238
265
329
1092
271
1137
335
1051
1007
537
145
313
852
1412
1095
594
797
1463
1493
456
462
1198
834
1390
1074
1205
1068
445
497
819
665
487
1495
190
1458
1068
1377
279
723
704
1229
965
1057
1470
467
1402
662
1097
468
994
834
748
1394
1347
1435
636
1438
1447
402
711
1065
682
990
318
371
201
1115
726
1371
1413
1201
287
1109
1062
730
861
576
379
1499
1166
734
1199
332
1098
370
1071
607
665
1390
949
750
460
582
1483
831
1140
493
669
420
496
1302
1128
907
261
724
1270
1148
163
299
1410
1308
288
823
133
897
1320
724
903
1440
1120
1440
655
1382
1497
1447
507
1026
418
657
1013
347
1130
949
194
1322
1222
1142
1384
106
529
1161
1378
1384
1338
920
1349
832
1205
1498
1110
531
597
799
437
1225
1437
265
256
257
1362
155
1071
1237
393
540
1191
690
398
752
112
797
1280
1270
939
1382
261
1416
710
1072
374
496
1158
643
597
968
835
729
302
547
1010
474
1172
273
805
1053
1128
278
1063
1264
779
1387
631
530
578
529
136
1015
628
346
668
1286
266
1013
816
1031
1018
1182
383
1268
410
178
539
821
1399
251
361
1043
401
108
1406
734
1290
696
1217
436
305
122
1198
1307
1200
227
563
1290
241
705
1495
205
566
282
755
537
1461
1279
1062
672
480
688
513
1134
582
168
536
777
800
222
320
122
962
548
1008
1063
1363
981
102
299
1048
1275
1058
1087
1292
1286
755
585
1428
394
1374
987
115
1377
1101
392
443
1057
865
924
1067
1284
1141
1084
849
697
1332
1200
1284
140
734
1316
336
271
305
933
779
497
1141
993
1188
1008
407
1129
328
1231
354
1355
1246
920
1441
797
1439
891
464
255
367
1272
451
622
1209
923
435
1290
550
1268
453
1384
1173
676
864
472
738
1155
309
733
801
262
195
559
471
1132
822
1101
784
992
811
1371
981
1492
436
599
387
1248
973
1156
1166
1440
1336
1277
112
600
864
534
532
1420
1419
397
212
1495
1042
576
1062
929
749
1195
977
1252
318
212
1463
200
625
876
831
1362
271
477
148
301
105
792
1062
138
1111
1090
323
680
504
477
1180
247
116
861
1119
802
1313
233
1279
1225
974
907
370
1100
348
954
606
818
1028
272
799
921
919
245
1459
377
1253
779
1056
542
634
225
602
589
1088
1142
1061
155
1366
1351
464
416
1048
256
831
735
365
1023
1114
1149
309
559
914
536
398
465
185
1339
1210
914
811
709
258
174
205
571
1014
547
644
426
776
1148
1143
772
249
655
972
506
397
576
601
1209
400
287
1217
129
174
612
936
709
1488
634
791
1292
1007
1450
754
169
1371
863
286
336
1054
177
868
977
687
292
249
581
573
1135
1192
418
1166
457
1439
226
992
1141
718
326
194
1156
142
1226
665
1351
1360
881
1315
370
1494
997
857
1095
439
896
814
792
938
304
819
553
1374
370
1365
1159
1414
663
1255
358
1401
143
1150
918
1211
1362
782
850
176
367
943
602
1101
147
1111
1440
991
496
308
738
931
833
112
578
239
1228
828
1215
1331
374
404
296
204
228
997
648
1101
881
1455
835
1388
1326
483
433
234
873
619
480
273
815
1390
525
834
145
484
662
1466
607
184
202
376
152
1018
335
645
907
1182
1134
553
492
721
1231
1345
729
120
1119
1336
1069
615
604
491
453
406
258
582
1120
918
467
718
1227
294
620
812
1056
1241
1070
249
791
318
1029
1028
1019
434
679
676
118
1155
708
113
279
1299
507
343
1107
520
1263
1168
852
446
1216
1205
1363
747
412
600
285
896
503
1353
747
850
593
1006
267
387
585
1468
269
365
649
103
530
799
996
1107
1169
1215
832
1306
969
573
572
993
776
1259
1432
873
1438
832
288
864
381
983
410
470
1136
472
1205
317
1036
253
1288
1478
669
656
1317
709
569
1083
1420
961
1016
884
509
576
908
713
154
933
368
159
973
165
1018
1103
1232
266
1417
1314
575
380
986
1363
1019
484
807
267
904
952
1328
1194
719
396
753
946
1428
1407
1215
391
1291
1109
974
704
475
1077
287
223
497
541
715
798
573
932
173
1438
872
498
518
195
436
131
270
1370
1190
856
794
488
707
506
422
1011
240
388
1183
1049
1312
658
791
763
909
1384
225
1379
119
866
1424
1489
1392
1308
750
737
473
559
119
655
1274
550
370
506
1243
777
1477
386
445
105
1425
1002
956
236
422
484
796
1227
944
1278
343
694
979
1007
427
122
722
262
952
1462
269
743
249
343
841
637
383
1248
624
360
652
851
1398
153
993
110
1182
945
101
357
1479
1371
614
616
909
1222
1313
628
395
566
165
459
104
1068
128
743
975
315
512
770
859
297
1250
358
1165
992
955
440
325
1174
275
173
1188
701
1407
1110
1368
1476
834
991
1293
1410
633
1014
364
1255
970
1128
796
217
185
357
1302
1246
1142
1209
224
1253
1484
621
630
1101
1434
597
832
316
1274
386
931
753
956
997
861
779
1329
826
1348
129
1112
548
166
1205
125
1006
724
752
1002
598
503
301
1448
385
129
753
1386
648
590
1121
558
1450
170
125
117
1491
523
1034
1057
1374
151
923
1405
727
761
502
180
1145
549
806
460
1442
623
653
1169
587
1218
614
1219
1462
148
1058
148
326
739
594
1336
1139
204
961
543
1250
133
592
261
1187
1207
225
1094
201
474
859
1227
229
363
207
464
136
515
772
530
1412
606
666
463
292
507
1074
360
942
464
440
142
1244
1235
576
1353
577
847
486
1316
980
1159
151
899
958
918
570
1193
1270
1120
657
1388
1198
973
1150
616
243
611
940
499
937
286
972
570
730
603
1390
620
367
1417
1159
803
168
1139
451
278
216
213
1138
385
1122
558
1188
234
770
1286
796
1420
864
338
720
163
782
108
295
723
1408
440
736
671
1102
1470
577
1494
424
263
1372
1008
643
1284
889
1417
602
170
556
344
971
593
393
681
1448
1217
1470
354
588
1384
606
485
448
1061
1275
1409
1327
1283
735
633
334
1428
1263
862
591
1409
1345
421
984
496
314
1370
510
674
1373
179
1148
1207
170
172
1292
1124
387
828
1455
726
329
776
441
533
761
1208
1435
1233
1052
950
105
336
1000
1321
461
1113
138
457
1230
1158
667
383
1322
390
1013
1271
310
161
434
535
473
1092
1212
1406
1479
496
126
136
572
168
1207
405
398
106
1117
277
975
814
379
1332
663
1267
661
1262
775
967
387
624
1004
466
1060
913
265
1200
1092
1009
807
181
1406
1472
917
1111
480
178
1347
666
837
671
946
1324
805
621
821
1462
1371
780
1318
156
1066
1298
768
904
1117
964
964
783
471
1207
845
1436
1446
1372
921
913
520
140
1164
303
755
593
1408
157
464
1302
442
635
1125
1126
380
417
486
1069
173
982
407
336
988
306
1353
470
1434
237
282
1181
771
113
1321
1166
1139
286
925
669
1440
430
957
1351
824
1363
884
1148
1419
774
951
833
231
344
356
1166
502
452
1200
1480
310
659
947
1140
947
734
277
525
355
648
1245
545
874
1475
1104
917
715
1183
1495
1113
796
296
944
1176
985
1047
562
340
1362
982
180
1153
265
570
1032
514
706
361
1370
1222
1144
962
1243
1047
1219
187
223
363
175
492
1345
363
1093
612
1416
1420
390
1089
251
310
286
1224
278
255
720
1270
1383
1198
520
254
988
1097
343
865
634
1476
442
1479
872
188
936
337
370
624
342
788
1447
962
593
1204
1265
1286
1413
913
1093
612
1367
1021
505
458
780
434
915
879
1229
985
813
238
1187
1110
398
1309
933
302
223
304
179
959
784
782
571
285
1024
490
1418
725
157
1290
815
754
316
281
562
507
781
1315
188
333
237
1015
302
966
977
1127
900
103
457
1164
1327
1450
1057
579
1078
1381
223
301
446
1175
954
1185
523
1215
957
350
644
1419
1405
911
1356
615
345
663
591
689
898
1498
1490
596
1022
1048
975
339
1361
1261
426
295
425
1267
573
570
1243
844
1431
778
695
1066
270
1462
1148
1041
1055
791
394
1065
1188
1225
617
163
343
1244
1068
1341
667
410
372
521
514
1193
1395
955
673
792
647
1073
1133
1422
1283
862
590
540
153
1243
810
897
856
937
283
470
728
934
930
1210
868
1071
881
475
888
1222
273
1280
787
1446
490
238
417
442
1338
801
831
1055
1119
993
685
233
1447
726
188
611
392
928
1245
1497
882
768
537
1195
1398
618
744
493
240
339
570
1123
715
100
1313
1061
489
1440
856
674
702
715
1240
926
761
1087
367
1138
874
929
738
128
658
947
1136
282
1412
522
1285
1072
645
632
1106
765
1184
121
534
219
831
234
843
586
370
599
1307
417
155
1376
1276
1246
1297
794
506
741
881
102
1445
880
714
510
713
1229
1499
926
1473
1032
1290
707
854
756
425
1351
1284
1445
1362
163
933
484
1103
1347
141
681
1426
1172
931
188
772
1139
571
1327
685
274
226
701
571
989
354
966
1448
1419
1445
810
236
335
213
846
1092
1024
158
392
647
141
120
1433
672
434
875
393
418
571
513
1109
1042
1426
125
533
432
151
635
505
1287
668
771
952
454
944
1261
445
463
1395
993
1396
1470
943
310
481
1401
997
708
1184
1338
1362
908
197
692
951
1395
504
1189
1492
587
430
1287
434
705
1296
775
534
1411
765
567
1134
845
439
521
1421
513
568
593
1011
1489
293
742
1077
239
1361
1373
467
273
1402
860
188
846
927
527
1480
410
1351
415
144
501
931
877
462
451
865
994
373
1332
297
473
1266
1135
254
283
1059
117
482
1492
445
978
1307
1414
688
615
1343
888
919
1460
266
796
1309
1377
465
129
475
362
873
1176
193
176
385
1146
773
117
1198
1104
332
482
1135
1236
667
411
845
692
1038
739
743
163
103
1165
338
1000
646
713
1269
559
461
1471
1028
746
520
1299
1490
1230
166
915
153
664
1149
1016
385
1263
125
908
1292
1199
141
945
1321
429
1390
137
498
387
1338
815
1364
792
1059
1090
256
187
743
825
831
670
553
1041
1200
1260
977
406
105
907
474
1448
101
1492
1174
1311
370
464
167
440
662
1029
1331
850
540
935
344
1243
246
286
481
1393
845
532
1240
859
1202
520
434
741
408
1439
676
503
238
440
217
469
1271
1239
781
486
1314
804
1172
1375
377
329
1301
236
215
359
1324
601
482
860
340
1023
240
508
565
491
1299
582
587
188
122
201
108
144
1499
130
780
855
685
1414
683
373
400
702
784
247
208
1248
151
763
1030
298
1488
855
1183
170
1371
504
847
821
990
201
1150
1080
444
286
1108
182
658
660
151
1146
907
1361
569
806
685
1011
1391
715
615
403
959
901
1412
182
1451
140
183
364
679
1411
1404
231
474
218
1027
853
584
1480
520
1303
537
1137
830
597
1300
733
474
221
399
461
439
200
102
938
290
595
962
906
826
541
785
180
307
135
605
824
887
554
467
998
526
788
387
254
645
1045
303
156
690
360
862
1473
863
825
1404
1194
555
770
1040
769
213
195
731
1020
1405
1047
248
162
1259
444
1355
682
1223
1256
625
1478
188
371
209
792
971
600
1453
882
1064
793
1397
189
1495
954
556
353
1352
1461
763
485
886
1356
1027
524
893
216
390
1003
1139
473
440
168
990
394
1324
1136
439
1369
566
502
874
1102
212
684
1487
1133
1266
979
310
632
564
544
1380
940
1017
1348
1032
342
1294
1106
971
1072
598
1152
262
1434
834
443
907
856
1487
1233
706
1031
676
1166
1382
514
630
424
162
940
425
244
167
224
993
610
1478
1237
1074
576
907
1137
1227
505
985
272
467
230
1202
1230
672
519
541
1005
254
297
120
788
709
1352
1310
187
974
1296
754
306
729
1313
654
539
1404
597
178
1158
737
670
592
1166
527
1181
575
992
885
1128
962
1448
738
1475
335
207
582
197
1388
711
1411
241
1406
420
600
233
865
331
164
845
491
637
884
1013
667
1087
1061
1282
1107
546
902
912
1374
283
815
1294
926
931
1090
673
153
411
332
1429
1004
382
1285
1470
1265
764
696
1189
249
1440
1254
1471
1245
1408
420
154
1159
613
320
305
776
632
469
477
294
1201
553
962
1433
641
1111
771
360
212
1366
173
698
778
1289
1289
685
706
1159
389
533
305
597
432
258
1407
734
652
1043
1404
558
1087
1142
243
768
294
891
478
1000
1115
475
1284
991
1334
249
397
118
461
1396
1422
1019
361
197
102
699
504
379
1399
1412
443
1306
971
1049
1473
719
663
1496
1161
127
963
154
282
1479
975
279
242
833
876
570
1369
402
1379
1143
840
1059
154
1153
1209
356
1061
1092
452
1058
1405
849
1101
345
299
926
843
1345
621
190
1257
137
1174
1173
777
706
645
1428
1300
685
1067
1342
1286
318
363
816
1346
205
483
393
1103
332
988
1054
617
838
541
1484
668
1274
1383
370
953
323
883
1300
449
1013
296
214
1227
826
1182
219
636
678
1381
844
949
126
918
1442
111
975
1177
479
1083
1227
648
1063
387
581
1471
1231
174
439
1223
294
1138
525
1024
1019
743
1191
465
120
1422
167
1341
415
346
1394
1141
793
1238
1375
572
350
1370
1050
923
1242
183
738
1206
1030
447
839
490
676
706
1199
868
935
375
157
1262
953
1343
1316
1497
1176
1159
1383
175
671
730
1269
774
610
369
915
559
586
245
1227
954
517
166
1322
643
1168
669
826
1022
1227
134
358
865
512
1480
1071
1416
197
680
939
679
541
984
272
1427
776
296
1214
959
1050
363
558
1214
1126
1471
1044
138
721
244
723
1334
556
169
1147
810
727
514
1038
143
687
539
224
181
249
448
404
1152
648
122
102
107
593
1371
349
531
1295
929
1134
921
119
1204
374
573
1116
855
1167
1213
1451
963
301
221
1318
1367
218
1290
241
193
1319
1010
715
772
1372
400
585
565
943
463
790
1333
669
495
1053
947
604
673
491
1474
975
354
797
858
105
319
1399
146
1155
1403
345
1237
259
1352
1367
624
1017
551
1450
613
819
825
1007
1088
505
1253
435
649
285
1107
795
390
475
591
519
233
1183
1036
617
804
118
724
668
1371
605
1198
734
1121
1004
729
1386
405
240
1021
1049
268
1495
141
1427
732
1244
1158
1266
321
973
1488
614
1115
412
1243
736
1108
125
552
1002
1342
111
483
424
1260
1181
1040
378
341
613
410
883
591
1343
781
967
1123
464
1454
890
417
1441
1477
1183